Inter-|   Receive                                                |  Transmit
 face |bytes    packets errs drop fifo frame compressed multicast|bytes    packets errs drop fifo colls carrier compressed
    lo: 369922655 4088521    0    0    0     0          0         0 369922655 4088521    0    0    0     0       0          0
enp42s0: 1315915351 3248852    0    0    0     0          0    146627 1029560743 2694098    0   18    0     0       0          0
  wlo1:       0       0    0    0    0     0          0         0        0       0    0    0    0     0       0          0
virbr0:       0       0    0    0    0     0          0         0        0       0    0 5202    0     0       0          0
br-ba300e692741:       0       0    0    0    0     0          0         0        0       0    0 5199    0     0       0          0
br-f6758c698ee1:     280      10    0    0    0     0          0         0  3341852    9972    0    5    0     0       0          0
br-f97fc0b364be:       0       0    0    0    0     0          0         0        0       0    0 5198    0     0       0          0
br-01b032a2703a:       0       0    0    0    0     0          0         0        0       0    0 5197    0     0       0          0
docker0:       0       0    0    0    0     0          0         0        0       0    0 5197    0     0       0          0
br-4eaf6a821e71:       0       0    0    0    0     0          0         0        0       0    0 5197    0     0       0          0
br-8c79226f8f43:      84       3    0    0    0     0          0         0  3341993    9971    0    4    0     0       0          0
br-94b2d3043113: 17659726  277125    0    0    0     0          0         0 34026711  423330    0    4    0     0       0          0
veth12d40a9:     126       3    0    0    0     0          0         0  4939512   14818    0    0    0     0       0          0
veth18a63ed:     126       3    0    0    0     0          0         0  4938331   14794    0    0    0     0       0          0
veth1bb666d: 17393869  112172    0    0    0     0          0         0 73649464  117789    0    0    0     0       0          0
vethe10fad0:     126       3    0    0    0     0          0         0  4939381   14823    0    0    0     0       0          0
veth1e2f99f:   11999     148    0    0    0     0          0         0  4956202   14928    0    0    0     0       0          0
veth49e9f30:   18372     136    0    0    0     0          0         0  4949961   14941    0    0    0     0       0          0
veth226bcd1: 1200088    6387    0    0    0     0          0         0  5325711   19382    0    0    0     0       0          0
vethd2d3547: 131103883  417254    0    0    0     0          0         0 109312462  485549    0    0    0     0       0          0
vethbab2e91: 23042431  134562    0    0    0     0          0         0 67749066  122004    0    0    0     0       0          0
veth2d01788:  657640    4147    0    0    0     0          0         0  6145959   18761    0    0    0     0       0          0
veth621c434: 190925958  891840    0    0    0     0          0         0 195506476 1018945    0    0    0     0       0          0
vethf0b5661: 3683725    9323    0    0    0     0          0         0  9416503   33247    0    0    0     0       0          0
vethacef255: 62577869   57643    0    0    0     0          0         0 12139662   72453    0    0    0     0       0          0
---2025-12-07T11:21:12+00:00---
Inter-|   Receive                                                |  Transmit
 face |bytes    packets errs drop fifo frame compressed multicast|bytes    packets errs drop fifo colls carrier compressed
    lo: 370317583 4092719    0    0    0     0          0         0 370317583 4092719    0    0    0     0       0          0
enp42s0: 1316725976 3252070    0    0    0     0          0    146687 1030574466 2697984    0   18    0     0       0          0
  wlo1:       0       0    0    0    0     0          0         0        0       0    0    0    0     0       0          0
virbr0:       0       0    0    0    0     0          0         0        0       0    0 5204    0     0       0          0
br-ba300e692741:       0       0    0    0    0     0          0         0        0       0    0 5201    0     0       0          0
br-f6758c698ee1:     280      10    0    0    0     0          0         0  3343232    9976    0    5    0     0       0          0
br-f97fc0b364be:       0       0    0    0    0     0          0         0        0       0    0 5200    0     0       0          0
br-01b032a2703a:       0       0    0    0    0     0          0         0        0       0    0 5199    0     0       0          0
docker0:       0       0    0    0    0     0          0         0        0       0    0 5199    0     0       0          0
br-4eaf6a821e71:       0       0    0    0    0     0          0         0        0       0    0 5199    0     0       0          0
br-8c79226f8f43:      84       3    0    0    0     0          0         0  3343373    9975    0    4    0     0       0          0
br-94b2d3043113: 17663726  277189    0    0    0     0          0         0 34035003  423430    0    4    0     0       0          0
veth12d40a9:     126       3    0    0    0     0          0         0  4941570   14824    0    0    0     0       0          0
veth18a63ed:     126       3    0    0    0     0          0         0  4940389   14800    0    0    0     0       0          0
veth1bb666d: 17397713  112197    0    0    0     0          0         0 73667380  117818    0    0    0     0       0          0
vethe10fad0:     126       3    0    0    0     0          0         0  4941439   14829    0    0    0     0       0          0
veth1e2f99f:   11999     148    0    0    0     0          0         0  4958260   14934    0    0    0     0       0          0
veth49e9f30:   18372     136    0    0    0     0          0         0  4952019   14947    0    0    0     0       0          0
veth226bcd1: 1200088    6387    0    0    0     0          0         0  5327769   19388    0    0    0     0       0          0
vethd2d3547: 131131723  417340    0    0    0     0          0         0 109337452  485657    0    0    0     0       0          0
vethbab2e91: 23047387  134590    0    0    0     0          0         0 67765212  122032    0    0    0     0       0          0
veth2d01788:  657640    4147    0    0    0     0          0         0  6148017   18767    0    0    0     0       0          0
veth621c434: 190968418  892036    0    0    0     0          0         0 195549502 1019169    0    0    0     0       0          0
vethf0b5661: 3684531    9325    0    0    0     0          0         0  9419541   33257    0    0    0     0       0          0
vethacef255: 62592377   57656    0    0    0     0          0         0 12143324   72472    0    0    0     0       0          0
---2025-12-07T11:21:44+00:00---
Inter-|   Receive                                                |  Transmit
 face |bytes    packets errs drop fifo frame compressed multicast|bytes    packets errs drop fifo colls carrier compressed
    lo: 370462198 4094297    0    0    0     0          0         0 370462198 4094297    0    0    0     0       0          0
enp42s0: 1317015372 3253312    0    0    0     0          0    146727 1030888213 2699475    0   18    0     0       0          0
  wlo1:       0       0    0    0    0     0          0         0        0       0    0    0    0     0       0          0
virbr0:       0       0    0    0    0     0          0         0        0       0    0 5204    0     0       0          0
br-ba300e692741:       0       0    0    0    0     0          0         0        0       0    0 5201    0     0       0          0
br-f6758c698ee1:     280      10    0    0    0     0          0         0  3343232    9976    0    5    0     0       0          0
br-f97fc0b364be:       0       0    0    0    0     0          0         0        0       0    0 5200    0     0       0          0
br-01b032a2703a:       0       0    0    0    0     0          0         0        0       0    0 5199    0     0       0          0
docker0:       0       0    0    0    0     0          0         0        0       0    0 5199    0     0       0          0
br-4eaf6a821e71:       0       0    0    0    0     0          0         0        0       0    0 5199    0     0       0          0
br-8c79226f8f43:      84       3    0    0    0     0          0         0  3343373    9975    0    4    0     0       0          0
br-94b2d3043113: 17667726  277253    0    0    0     0          0         0 34041915  423526    0    4    0     0       0          0
veth12d40a9:     126       3    0    0    0     0          0         0  4941570   14824    0    0    0     0       0          0
veth18a63ed:     126       3    0    0    0     0          0         0  4940389   14800    0    0    0     0       0          0
veth1bb666d: 17401491  112221    0    0    0     0          0         0 73681349  117840    0    0    0     0       0          0
vethe10fad0:     126       3    0    0    0     0          0         0  4941439   14829    0    0    0     0       0          0
veth1e2f99f:   11999     148    0    0    0     0          0         0  4958260   14934    0    0    0     0       0          0
veth49e9f30:   18372     136    0    0    0     0          0         0  4952019   14947    0    0    0     0       0          0
veth226bcd1: 1200088    6387    0    0    0     0          0         0  5327769   19388    0    0    0     0       0          0
vethd2d3547: 131159617  417427    0    0    0     0          0         0 109360979  485760    0    0    0     0       0          0
vethbab2e91: 23052992  134620    0    0    0     0          0         0 67779358  122055    0    0    0     0       0          0
veth2d01788:  657640    4147    0    0    0     0          0         0  6148017   18767    0    0    0     0       0          0
veth621c434: 191011531  892234    0    0    0     0          0         0 195591173 1019390    0    0    0     0       0          0
vethf0b5661: 3685337    9327    0    0    0     0          0         0  9420521   33261    0    0    0     0       0          0
vethacef255: 62604996   57668    0    0    0     0          0         0 12144862   72484    0    0    0     0       0          0
---2025-12-07T11:22:16+00:00---
Inter-|   Receive                                                |  Transmit
 face |bytes    packets errs drop fifo frame compressed multicast|bytes    packets errs drop fifo colls carrier compressed
    lo: 371101742 4101050    0    0    0     0          0         0 371101742 4101050    0    0    0     0       0          0
enp42s0: 1317454378 3256206    0    0    0     0          0    146771 1031308968 2703168    0   18    0     0       0          0
  wlo1:       0       0    0    0    0     0          0         0        0       0    0    0    0     0       0          0
virbr0:       0       0    0    0    0     0          0         0        0       0    0 5205    0     0       0          0
br-ba300e692741:       0       0    0    0    0     0          0         0        0       0    0 5202    0     0       0          0
br-f6758c698ee1:     280      10    0    0    0     0          0         0  3343550    9978    0    5    0     0       0          0
br-f97fc0b364be:       0       0    0    0    0     0          0         0        0       0    0 5201    0     0       0          0
br-01b032a2703a:       0       0    0    0    0     0          0         0        0       0    0 5200    0     0       0          0
docker0:       0       0    0    0    0     0          0         0        0       0    0 5200    0     0       0          0
br-4eaf6a821e71:       0       0    0    0    0     0          0         0        0       0    0 5200    0     0       0          0
br-8c79226f8f43:      84       3    0    0    0     0          0         0  3343691    9977    0    4    0     0       0          0
br-94b2d3043113: 17671726  277317    0    0    0     0          0         0 34049145  423624    0    4    0     0       0          0
veth12d40a9:     126       3    0    0    0     0          0         0  4942057   14827    0    0    0     0       0          0
veth18a63ed:     126       3    0    0    0     0          0         0  4940876   14803    0    0    0     0       0          0
veth1bb666d: 17406038  112251    0    0    0     0          0         0 73703847  117870    0    0    0     0       0          0
vethe10fad0:     126       3    0    0    0     0          0         0  4941926   14832    0    0    0     0       0          0
veth1e2f99f:   11999     148    0    0    0     0          0         0  4958747   14937    0    0    0     0       0          0
veth49e9f30:   18372     136    0    0    0     0          0         0  4952506   14950    0    0    0     0       0          0
veth226bcd1: 1200088    6387    0    0    0     0          0         0  5328256   19391    0    0    0     0       0          0
vethd2d3547: 131188465  417523    0    0    0     0          0         0 109384952  485873    0    0    0     0       0          0
vethbab2e91: 23059332  134669    0    0    0     0          0         0 67795327  122101    0    0    0     0       0          0
veth2d01788:  657640    4147    0    0    0     0          0         0  6148504   18770    0    0    0     0       0          0
veth621c434: 191055939  892459    0    0    0     0          0         0 195635020 1019642    0    0    0     0       0          0
vethf0b5661: 3686143    9329    0    0    0     0          0         0  9421988   33268    0    0    0     0       0          0
vethacef255: 62625657   57685    0    0    0     0          0         0 12147656   72505    0    0    0     0       0          0
---2025-12-07T11:22:47+00:00---
Inter-|   Receive                                                |  Transmit
 face |bytes    packets errs drop fifo frame compressed multicast|bytes    packets errs drop fifo colls carrier compressed
    lo: 371478644 4105054    0    0    0     0          0         0 371478644 4105054    0    0    0     0       0          0
enp42s0: 1317784661 3258124    0    0    0     0          0    146815 1031618002 2705494    0   18    0     0       0          0
  wlo1:       0       0    0    0    0     0          0         0        0       0    0    0    0     0       0          0
virbr0:       0       0    0    0    0     0          0         0        0       0    0 5208    0     0       0          0
br-ba300e692741:       0       0    0    0    0     0          0         0        0       0    0 5205    0     0       0          0
br-f6758c698ee1:     280      10    0    0    0     0          0         0  3345620    9984    0    5    0     0       0          0
br-f97fc0b364be:       0       0    0    0    0     0          0         0        0       0    0 5204    0     0       0          0
br-01b032a2703a:       0       0    0    0    0     0          0         0        0       0    0 5203    0     0       0          0
docker0:       0       0    0    0    0     0          0         0        0       0    0 5203    0     0       0          0
br-4eaf6a821e71:       0       0    0    0    0     0          0         0        0       0    0 5203    0     0       0          0
br-8c79226f8f43:      84       3    0    0    0     0          0         0  3345761    9983    0    4    0     0       0          0
br-94b2d3043113: 17675726  277381    0    0    0     0          0         0 34058127  423726    0    4    0     0       0          0
veth12d40a9:     126       3    0    0    0     0          0         0  4945144   14836    0    0    0     0       0          0
veth18a63ed:     126       3    0    0    0     0          0         0  4943963   14812    0    0    0     0       0          0
veth1bb666d: 17410446  112279    0    0    0     0          0         0 73721245  117905    0    0    0     0       0          0
vethe10fad0:     126       3    0    0    0     0          0         0  4945013   14841    0    0    0     0       0          0
veth1e2f99f:   11999     148    0    0    0     0          0         0  4961834   14946    0    0    0     0       0          0
veth49e9f30:   18372     136    0    0    0     0          0         0  4955593   14959    0    0    0     0       0          0
veth226bcd1: 1200088    6387    0    0    0     0          0         0  5331343   19400    0    0    0     0       0          0
vethd2d3547: 131216000  417609    0    0    0     0          0         0 109411444  485983    0    0    0     0       0          0
vethbab2e91: 23064936  134699    0    0    0     0          0         0 67812576  122133    0    0    0     0       0          0
veth2d01788:  657640    4147    0    0    0     0          0         0  6151591   18779    0    0    0     0       0          0
veth621c434: 191099218  892659    0    0    0     0          0         0 195680048 1019875    0    0    0     0       0          0
vethf0b5661: 3686949    9331    0    0    0     0          0         0  9426055   33281    0    0    0     0       0          0
vethacef255: 62638346   57697    0    0    0     0          0         0 12152281   72526    0    0    0     0       0          0
---2025-12-07T11:23:19+00:00---
Inter-|   Receive                                                |  Transmit
 face |bytes    packets errs drop fifo frame compressed multicast|bytes    packets errs drop fifo colls carrier compressed
    lo: 371783258 4108303    0    0    0     0          0         0 371783258 4108303    0    0    0     0       0          0
enp42s0: 1318050354 3259693    0    0    0     0          0    146866 1031889336 2707447    0   18    0     0       0          0
  wlo1:       0       0    0    0    0     0          0         0        0       0    0    0    0     0       0          0
virbr0:       0       0    0    0    0     0          0         0        0       0    0 5209    0     0       0          0
br-ba300e692741:       0       0    0    0    0     0          0         0        0       0    0 5206    0     0       0          0
br-f6758c698ee1:     280      10    0    0    0     0          0         0  3346310    9986    0    5    0     0       0          0
br-f97fc0b364be:       0       0    0    0    0     0          0         0        0       0    0 5205    0     0       0          0
br-01b032a2703a:       0       0    0    0    0     0          0         0        0       0    0 5204    0     0       0          0
docker0:       0       0    0    0    0     0          0         0        0       0    0 5204    0     0       0          0
br-4eaf6a821e71:       0       0    0    0    0     0          0         0        0       0    0 5204    0     0       0          0
br-8c79226f8f43:      84       3    0    0    0     0          0         0  3346451    9985    0    4    0     0       0          0
br-94b2d3043113: 17679726  277445    0    0    0     0          0         0 34065729  423824    0    4    0     0       0          0
veth12d40a9:     126       3    0    0    0     0          0         0  4946173   14839    0    0    0     0       0          0
veth18a63ed:     126       3    0    0    0     0          0         0  4944992   14815    0    0    0     0       0          0
veth1bb666d: 17414290  112304    0    0    0     0          0         0 73736432  117932    0    0    0     0       0          0
vethe10fad0:     126       3    0    0    0     0          0         0  4946042   14844    0    0    0     0       0          0
veth1e2f99f:   11999     148    0    0    0     0          0         0  4962863   14949    0    0    0     0       0          0
veth49e9f30:   18372     136    0    0    0     0          0         0  4956622   14962    0    0    0     0       0          0
veth226bcd1: 1200238    6390    0    0    0     0          0         0  5332522   19406    0    0    0     0       0          0
vethd2d3547: 131244030  417698    0    0    0     0          0         0 109435594  486091    0    0    0     0       0          0
vethbab2e91: 23069891  134727    0    0    0     0          0         0 67827685  122158    0    0    0     0       0          0
veth2d01788:  657640    4147    0    0    0     0          0         0  6152620   18782    0    0    0     0       0          0
veth621c434: 191142009  892861    0    0    0     0          0         0 195722384 1020102    0    0    0     0       0          0
vethf0b5661: 3687755    9333    0    0    0     0          0         0  9428064   33288    0    0    0     0       0          0
vethacef255: 62651154   57711    0    0    0     0          0         0 12154914   72542    0    0    0     0       0          0
---2025-12-07T11:23:51+00:00---
Inter-|   Receive                                                |  Transmit
 face |bytes    packets errs drop fifo frame compressed multicast|bytes    packets errs drop fifo colls carrier compressed
    lo: 372169375 4112402    0    0    0     0          0         0 372169375 4112402    0    0    0     0       0          0
enp42s0: 1329022565 3269544    0    0    0     0          0    146923 1033696567 2714089    0   18    0     0       0          0
  wlo1:       0       0    0    0    0     0          0         0        0       0    0    0    0     0       0          0
virbr0:       0       0    0    0    0     0          0         0        0       0    0 5209    0     0       0          0
br-ba300e692741:       0       0    0    0    0     0          0         0        0       0    0 5206    0     0       0          0
br-f6758c698ee1:     280      10    0    0    0     0          0         0  3346310    9986    0    5    0     0       0          0
br-f97fc0b364be:       0       0    0    0    0     0          0         0        0       0    0 5205    0     0       0          0
br-01b032a2703a:       0       0    0    0    0     0          0         0        0       0    0 5204    0     0       0          0
docker0:       0       0    0    0    0     0          0         0        0       0    0 5204    0     0       0          0
br-4eaf6a821e71:       0       0    0    0    0     0          0         0        0       0    0 5204    0     0       0          0
br-8c79226f8f43:      84       3    0    0    0     0          0         0  3346451    9985    0    4    0     0       0          0
br-94b2d3043113: 17686067  277519    0    0    0     0          0         0 34077988  423930    0    4    0     0       0          0
veth12d40a9:     126       3    0    0    0     0          0         0  4946173   14839    0    0    0     0       0          0
veth18a63ed:     126       3    0    0    0     0          0         0  4944992   14815    0    0    0     0       0          0
veth1bb666d: 17418624  112331    0    0    0     0          0         0 73752661  117956    0    0    0     0       0          0
vethe10fad0:     126       3    0    0    0     0          0         0  4946042   14844    0    0    0     0       0          0
veth1e2f99f:   11999     148    0    0    0     0          0         0  4962863   14949    0    0    0     0       0          0
veth49e9f30:   18372     136    0    0    0     0          0         0  4956622   14962    0    0    0     0       0          0
veth226bcd1: 1200238    6390    0    0    0     0          0         0  5332522   19406    0    0    0     0       0          0
vethd2d3547: 131272610  417790    0    0    0     0          0         0 109458814  486197    0    0    0     0       0          0
vethbab2e91: 23074847  134755    0    0    0     0          0         0 67841777  122180    0    0    0     0       0          0
veth2d01788:  660121    4157    0    0    0     0          0         0  6157967   18792    0    0    0     0       0          0
veth621c434: 191184761  893061    0    0    0     0          0         0 195764092 1020326    0    0    0     0       0          0
vethf0b5661: 3688964    9336    0    0    0     0          0         0  9429534   33294    0    0    0     0       0          0
vethacef255: 62665630   57724    0    0    0     0          0         0 12156518   72555    0    0    0     0       0          0
---2025-12-07T11:24:23+00:00---
Inter-|   Receive                                                |  Transmit
 face |bytes    packets errs drop fifo frame compressed multicast|bytes    packets errs drop fifo colls carrier compressed
    lo: 372768841 4118736    0    0    0     0          0         0 372768841 4118736    0    0    0     0       0          0
enp42s0: 1329754128 3273261    0    0    0     0          0    146967 1034811907 2718601    0   18    0     0       0          0
  wlo1:       0       0    0    0    0     0          0         0        0       0    0    0    0     0       0          0
virbr0:       0       0    0    0    0     0          0         0        0       0    0 5209    0     0       0          0
br-ba300e692741:       0       0    0    0    0     0          0         0        0       0    0 5206    0     0       0          0
br-f6758c698ee1:     280      10    0    0    0     0          0         0  3346310    9986    0    5    0     0       0          0
br-f97fc0b364be:       0       0    0    0    0     0          0         0        0       0    0 5205    0     0       0          0
br-01b032a2703a:       0       0    0    0    0     0          0         0        0       0    0 5204    0     0       0          0
docker0:       0       0    0    0    0     0          0         0        0       0    0 5204    0     0       0          0
br-4eaf6a821e71:       0       0    0    0    0     0          0         0        0       0    0 5204    0     0       0          0
br-8c79226f8f43:      84       3    0    0    0     0          0         0  3346451    9985    0    4    0     0       0          0
br-94b2d3043113: 17690175  277586    0    0    0     0          0         0 34085050  424029    0    4    0     0       0          0
veth12d40a9:     126       3    0    0    0     0          0         0  4946173   14839    0    0    0     0       0          0
veth18a63ed:     126       3    0    0    0     0          0         0  4944992   14815    0    0    0     0       0          0
veth1bb666d: 17422402  112355    0    0    0     0          0         0 73766668  117978    0    0    0     0       0          0
vethe10fad0:     126       3    0    0    0     0          0         0  4946042   14844    0    0    0     0       0          0
veth1e2f99f:   11999     148    0    0    0     0          0         0  4962863   14949    0    0    0     0       0          0
veth49e9f30:   18372     136    0    0    0     0          0         0  4956622   14962    0    0    0     0       0          0
veth226bcd1: 1200238    6390    0    0    0     0          0         0  5332522   19406    0    0    0     0       0          0
vethd2d3547: 131300536  417877    0    0    0     0          0         0 109482373  486300    0    0    0     0       0          0
vethbab2e91: 23080452  134785    0    0    0     0          0         0 67855955  122203    0    0    0     0       0          0
veth2d01788:  660271    4160    0    0    0     0          0         0  6158117   18795    0    0    0     0       0          0
veth621c434: 191227938  893259    0    0    0     0          0         0 195805795 1020547    0    0    0     0       0          0
vethf0b5661: 3689770    9338    0    0    0     0          0         0  9430514   33298    0    0    0     0       0          0
vethacef255: 62678287   57736    0    0    0     0          0         0 12158056   72567    0    0    0     0       0          0
---2025-12-07T11:24:55+00:00---
Inter-|   Receive                                                |  Transmit
 face |bytes    packets errs drop fifo frame compressed multicast|bytes    packets errs drop fifo colls carrier compressed
    lo: 373184109 4123145    0    0    0     0          0         0 373184109 4123145    0    0    0     0       0          0
enp42s0: 1330254582 3276032    0    0    0     0          0    147004 1035676676 2722010    0   18    0     0       0          0
  wlo1:       0       0    0    0    0     0          0         0        0       0    0    0    0     0       0          0
virbr0:       0       0    0    0    0     0          0         0        0       0    0 5213    0     0       0          0
br-ba300e692741:       0       0    0    0    0     0          0         0        0       0    0 5210    0     0       0          0
br-f6758c698ee1:     280      10    0    0    0     0          0         0  3349070    9994    0    5    0     0       0          0
br-f97fc0b364be:       0       0    0    0    0     0          0         0        0       0    0 5209    0     0       0          0
br-01b032a2703a:       0       0    0    0    0     0          0         0        0       0    0 5208    0     0       0          0
docker0:       0       0    0    0    0     0          0         0        0       0    0 5208    0     0       0          0
br-4eaf6a821e71:       0       0    0    0    0     0          0         0        0       0    0 5208    0     0       0          0
br-8c79226f8f43:      84       3    0    0    0     0          0         0  3349211    9993    0    4    0     0       0          0
br-94b2d3043113: 17694255  277652    0    0    0     0          0         0 34094830  424135    0    4    0     0       0          0
veth12d40a9:     126       3    0    0    0     0          0         0  4950289   14851    0    0    0     0       0          0
veth18a63ed:     126       3    0    0    0     0          0         0  4949108   14827    0    0    0     0       0          0
veth1bb666d: 17426246  112380    0    0    0     0          0         0 73786641  118013    0    0    0     0       0          0
vethe10fad0:     126       3    0    0    0     0          0         0  4950158   14856    0    0    0     0       0          0
veth1e2f99f:   11999     148    0    0    0     0          0         0  4966979   14961    0    0    0     0       0          0
veth49e9f30:   18372     136    0    0    0     0          0         0  4960738   14974    0    0    0     0       0          0
veth226bcd1: 1202035    6400    0    0    0     0          0         0  5337166   19424    0    0    0     0       0          0
vethd2d3547: 131342036  418012    0    0    0     0          0         0 109515035  486446    0    0    0     0       0          0
vethbab2e91: 23085606  134816    0    0    0     0          0         0 67877344  122240    0    0    0     0       0          0
veth2d01788:  660379    4162    0    0    0     0          0         0  6162341   18809    0    0    0     0       0          0
veth621c434: 191279725  893496    0    0    0     0          0         0 195866534 1020839    0    0    0     0       0          0
vethf0b5661: 3690576    9340    0    0    0     0          0         0  9435610   33314    0    0    0     0       0          0
vethacef255: 62692794   57749    0    0    0     0          0         0 12163776   72592    0    0    0     0       0          0
---2025-12-07T11:25:27+00:00---
Inter-|   Receive                                                |  Transmit
 face |bytes    packets errs drop fifo frame compressed multicast|bytes    packets errs drop fifo colls carrier compressed
    lo: 373581787 4127373    0    0    0     0          0         0 373581787 4127373    0    0    0     0       0          0
enp42s0: 1330959055 3279262    0    0    0     0          0    147054 1036779198 2725929    0   18    0     0       0          0
  wlo1:       0       0    0    0    0     0          0         0        0       0    0    0    0     0       0          0
virbr0:       0       0    0    0    0     0          0         0        0       0    0 5213    0     0       0          0
br-ba300e692741:       0       0    0    0    0     0          0         0        0       0    0 5210    0     0       0          0
br-f6758c698ee1:     280      10    0    0    0     0          0         0  3349070    9994    0    5    0     0       0          0
br-f97fc0b364be:       0       0    0    0    0     0          0         0        0       0    0 5209    0     0       0          0
br-01b032a2703a:       0       0    0    0    0     0          0         0        0       0    0 5208    0     0       0          0
docker0:       0       0    0    0    0     0          0         0        0       0    0 5208    0     0       0          0
br-4eaf6a821e71:       0       0    0    0    0     0          0         0        0       0    0 5208    0     0       0          0
br-8c79226f8f43:      84       3    0    0    0     0          0         0  3349211    9993    0    4    0     0       0          0
br-94b2d3043113: 17698543  277722    0    0    0     0          0         0 34102036  424236    0    4    0     0       0          0
veth12d40a9:     126       3    0    0    0     0          0         0  4950289   14851    0    0    0     0       0          0
veth18a63ed:     126       3    0    0    0     0          0         0  4949108   14827    0    0    0     0       0          0
veth1bb666d: 17430090  112405    0    0    0     0          0         0 73802499  118036    0    0    0     0       0          0
vethe10fad0:     126       3    0    0    0     0          0         0  4950158   14856    0    0    0     0       0          0
veth1e2f99f:   11999     148    0    0    0     0          0         0  4966979   14961    0    0    0     0       0          0
veth49e9f30:   18372     136    0    0    0     0          0         0  4960738   14974    0    0    0     0       0          0
veth226bcd1: 1202035    6400    0    0    0     0          0         0  5337166   19424    0    0    0     0       0          0
vethd2d3547: 131370620  418104    0    0    0     0          0         0 109538259  486552    0    0    0     0       0          0
vethbab2e91: 23090562  134844    0    0    0     0          0         0 67891440  122262    0    0    0     0       0          0
veth2d01788:  660751    4168    0    0    0     0          0         0  6162635   18814    0    0    0     0       0          0
veth621c434: 191322485  893696    0    0    0     0          0         0 195908246 1021063    0    0    0     0       0          0
vethf0b5661: 3691382    9342    0    0    0     0          0         0  9436590   33318    0    0    0     0       0          0
vethacef255: 62707302   57762    0    0    0     0          0         0 12165380   72605    0    0    0     0       0          0
---2025-12-07T11:25:59+00:00---
Inter-|   Receive                                                |  Transmit
 face |bytes    packets errs drop fifo frame compressed multicast|bytes    packets errs drop fifo colls carrier compressed
    lo: 373968265 4131477    0    0    0     0          0         0 373968265 4131477    0    0    0     0       0          0
enp42s0: 1331303689 3281523    0    0    0     0          0    147101 1037121355 2728795    0   18    0     0       0          0
  wlo1:       0       0    0    0    0     0          0         0        0       0    0    0    0     0       0          0
virbr0:       0       0    0    0    0     0          0         0        0       0    0 5213    0     0       0          0
br-ba300e692741:       0       0    0    0    0     0          0         0        0       0    0 5210    0     0       0          0
br-f6758c698ee1:     280      10    0    0    0     0          0         0  3349070    9994    0    5    0     0       0          0
br-f97fc0b364be:       0       0    0    0    0     0          0         0        0       0    0 5209    0     0       0          0
br-01b032a2703a:       0       0    0    0    0     0          0         0        0       0    0 5208    0     0       0          0
docker0:       0       0    0    0    0     0          0         0        0       0    0 5208    0     0       0          0
br-4eaf6a821e71:       0       0    0    0    0     0          0         0        0       0    0 5208    0     0       0          0
br-8c79226f8f43:      84       3    0    0    0     0          0         0  3349211    9993    0    4    0     0       0          0
br-94b2d3043113: 17702543  277786    0    0    0     0          0         0 34108948  424332    0    4    0     0       0          0
veth12d40a9:     126       3    0    0    0     0          0         0  4950289   14851    0    0    0     0       0          0
veth18a63ed:     126       3    0    0    0     0          0         0  4949108   14827    0    0    0     0       0          0
veth1bb666d: 17434637  112435    0    0    0     0          0         0 73824531  118063    0    0    0     0       0          0
vethe10fad0:     126       3    0    0    0     0          0         0  4950158   14856    0    0    0     0       0          0
veth1e2f99f:   11999     148    0    0    0     0          0         0  4966979   14961    0    0    0     0       0          0
veth49e9f30:   18372     136    0    0    0     0          0         0  4960738   14974    0    0    0     0       0          0
veth226bcd1: 1202035    6400    0    0    0     0          0         0  5337166   19424    0    0    0     0       0          0
vethd2d3547: 131398542  418191    0    0    0     0          0         0 109561813  486655    0    0    0     0       0          0
vethbab2e91: 23096166  134874    0    0    0     0          0         0 67905614  122285    0    0    0     0       0          0
veth2d01788:  660751    4168    0    0    0     0          0         0  6162635   18814    0    0    0     0       0          0
veth621c434: 191365653  893894    0    0    0     0          0         0 195949944 1021284    0    0    0     0       0          0
vethf0b5661: 3692188    9344    0    0    0     0          0         0  9437570   33322    0    0    0     0       0          0
vethacef255: 62727984   57779    0    0    0     0          0         0 12167687   72623    0    0    0     0       0          0
---2025-12-07T11:26:31+00:00---
Inter-|   Receive                                                |  Transmit
 face |bytes    packets errs drop fifo frame compressed multicast|bytes    packets errs drop fifo colls carrier compressed
    lo: 374347813 4135507    0    0    0     0          0         0 374347813 4135507    0    0    0     0       0          0
enp42s0: 1331678419 3283806    0    0    0     0          0    147153 1037486310 2731753    0   18    0     0       0          0
  wlo1:       0       0    0    0    0     0          0         0        0       0    0    0    0     0       0          0
virbr0:       0       0    0    0    0     0          0         0        0       0    0 5213    0     0       0          0
br-ba300e692741:       0       0    0    0    0     0          0         0        0       0    0 5210    0     0       0          0
br-f6758c698ee1:     280      10    0    0    0     0          0         0  3349070    9994    0    5    0     0       0          0
br-f97fc0b364be:       0       0    0    0    0     0          0         0        0       0    0 5209    0     0       0          0
br-01b032a2703a:       0       0    0    0    0     0          0         0        0       0    0 5208    0     0       0          0
docker0:       0       0    0    0    0     0          0         0        0       0    0 5208    0     0       0          0
br-4eaf6a821e71:       0       0    0    0    0     0          0         0        0       0    0 5208    0     0       0          0
br-8c79226f8f43:      84       3    0    0    0     0          0         0  3349211    9993    0    4    0     0       0          0
br-94b2d3043113: 17706543  277850    0    0    0     0          0         0 34115860  424428    0    4    0     0       0          0
veth12d40a9:     126       3    0    0    0     0          0         0  4950289   14851    0    0    0     0       0          0
veth18a63ed:     126       3    0    0    0     0          0         0  4949108   14827    0    0    0     0       0          0
veth1bb666d: 17438481  112460    0    0    0     0          0         0 73840389  118086    0    0    0     0       0          0
vethe10fad0:     126       3    0    0    0     0          0         0  4950158   14856    0    0    0     0       0          0
veth1e2f99f:   11999     148    0    0    0     0          0         0  4966979   14961    0    0    0     0       0          0
veth49e9f30:   18372     136    0    0    0     0          0         0  4960738   14974    0    0    0     0       0          0
veth226bcd1: 1202035    6400    0    0    0     0          0         0  5337166   19424    0    0    0     0       0          0
vethd2d3547: 131426011  418276    0    0    0     0          0         0 109584611  486755    0    0    0     0       0          0
vethbab2e91: 23101121  134902    0    0    0     0          0         0 67919706  122307    0    0    0     0       0          0
veth2d01788:  660751    4168    0    0    0     0          0         0  6162635   18814    0    0    0     0       0          0
veth621c434: 191407983  894088    0    0    0     0          0         0 195990540 1021501    0    0    0     0       0          0
vethf0b5661: 3692994    9346    0    0    0     0          0         0  9438550   33326    0    0    0     0       0          0
vethacef255: 62742492   57792    0    0    0     0          0         0 12169291   72636    0    0    0     0       0          0
---2025-12-07T11:27:03+00:00---
Inter-|   Receive                                                |  Transmit
 face |bytes    packets errs drop fifo frame compressed multicast|bytes    packets errs drop fifo colls carrier compressed
    lo: 374772145 4140005    0    0    0     0          0         0 374772145 4140005    0    0    0     0       0          0
enp42s0: 1332055401 3286309    0    0    0     0          0    147215 1037875251 2735196    0   18    0     0       0          0
  wlo1:       0       0    0    0    0     0          0         0        0       0    0    0    0     0       0          0
virbr0:       0       0    0    0    0     0          0         0        0       0    0 5217    0     0       0          0
br-ba300e692741:       0       0    0    0    0     0          0         0        0       0    0 5214    0     0       0          0
br-f6758c698ee1:     280      10    0    0    0     0          0         0  3351830   10002    0    5    0     0       0          0
br-f97fc0b364be:       0       0    0    0    0     0          0         0        0       0    0 5213    0     0       0          0
br-01b032a2703a:       0       0    0    0    0     0          0         0        0       0    0 5212    0     0       0          0
docker0:       0       0    0    0    0     0          0         0        0       0    0 5212    0     0       0          0
br-4eaf6a821e71:       0       0    0    0    0     0          0         0        0       0    0 5212    0     0       0          0
br-8c79226f8f43:      84       3    0    0    0     0          0         0  3351971   10001    0    4    0     0       0          0
br-94b2d3043113: 17710543  277914    0    0    0     0          0         0 34125532  424532    0    4    0     0       0          0
veth12d40a9:     126       3    0    0    0     0          0         0  4954405   14863    0    0    0     0       0          0
veth18a63ed:     126       3    0    0    0     0          0         0  4953224   14839    0    0    0     0       0          0
veth1bb666d: 17442889  112488    0    0    0     0          0         0 73858804  118124    0    0    0     0       0          0
vethe10fad0:     126       3    0    0    0     0          0         0  4954274   14868    0    0    0     0       0          0
veth1e2f99f:   11999     148    0    0    0     0          0         0  4971095   14973    0    0    0     0       0          0
veth49e9f30:   18372     136    0    0    0     0          0         0  4964854   14986    0    0    0     0       0          0
veth226bcd1: 1202035    6400    0    0    0     0          0         0  5341282   19436    0    0    0     0       0          0
vethd2d3547: 131454653  418369    0    0    0     0          0         0 109612550  486874    0    0    0     0       0          0
vethbab2e91: 23106726  134932    0    0    0     0          0         0 67937980  122342    0    0    0     0       0          0
veth2d01788:  660751    4168    0    0    0     0          0         0  6166751   18826    0    0    0     0       0          0
veth621c434: 191451676  894294    0    0    0     0          0         0 196037705 1021744    0    0    0     0       0          0
vethf0b5661: 3693800    9348    0    0    0     0          0         0  9443646   33342    0    0    0     0       0          0
vethacef255: 62755169   57804    0    0    0     0          0         0 12174945   72660    0    0    0     0       0          0
---2025-12-07T11:27:35+00:00---
Inter-|   Receive                                                |  Transmit
 face |bytes    packets errs drop fifo frame compressed multicast|bytes    packets errs drop fifo colls carrier compressed
    lo: 375147669 4143995    0    0    0     0          0         0 375147669 4143995    0    0    0     0       0          0
enp42s0: 1332699389 3289451    0    0    0     0          0    147287 1039232537 2739146    0   18    0     0       0          0
  wlo1:       0       0    0    0    0     0          0         0        0       0    0    0    0     0       0          0
virbr0:       0       0    0    0    0     0          0         0        0       0    0 5217    0     0       0          0
br-ba300e692741:       0       0    0    0    0     0          0         0        0       0    0 5214    0     0       0          0
br-f6758c698ee1:     280      10    0    0    0     0          0         0  3351830   10002    0    5    0     0       0          0
br-f97fc0b364be:       0       0    0    0    0     0          0         0        0       0    0 5213    0     0       0          0
br-01b032a2703a:       0       0    0    0    0     0          0         0        0       0    0 5212    0     0       0          0
docker0:       0       0    0    0    0     0          0         0        0       0    0 5212    0     0       0          0
br-4eaf6a821e71:       0       0    0    0    0     0          0         0        0       0    0 5212    0     0       0          0
br-8c79226f8f43:      84       3    0    0    0     0          0         0  3351971   10001    0    4    0     0       0          0
br-94b2d3043113: 17714543  277978    0    0    0     0          0         0 34132444  424628    0    4    0     0       0          0
veth12d40a9:     126       3    0    0    0     0          0         0  4954405   14863    0    0    0     0       0          0
veth18a63ed:     126       3    0    0    0     0          0         0  4953224   14839    0    0    0     0       0          0
veth1bb666d: 17446799  112514    0    0    0     0          0         0 73874792  118149    0    0    0     0       0          0
vethe10fad0:     126       3    0    0    0     0          0         0  4954274   14868    0    0    0     0       0          0
veth1e2f99f:   11999     148    0    0    0     0          0         0  4971095   14973    0    0    0     0       0          0
veth49e9f30:   18372     136    0    0    0     0          0         0  4964854   14986    0    0    0     0       0          0
veth226bcd1: 1202035    6400    0    0    0     0          0         0  5341282   19436    0    0    0     0       0          0
vethd2d3547: 131482777  418459    0    0    0     0          0         0 109635764  486980    0    0    0     0       0          0
vethbab2e91: 23113066  134981    0    0    0     0          0         0 67953474  122385    0    0    0     0       0          0
veth2d01788:  660751    4168    0    0    0     0          0         0  6166751   18826    0    0    0     0       0          0
veth621c434: 191495824  894515    0    0    0     0          0         0 196080341 1021987    0    0    0     0       0          0
vethf0b5661: 3694606    9350    0    0    0     0          0         0  9444626   33346    0    0    0     0       0          0
vethacef255: 62769807   57819    0    0    0     0          0         0 12176615   72674    0    0    0     0       0          0
---2025-12-07T11:28:07+00:00---
Inter-|   Receive                                                |  Transmit
 face |bytes    packets errs drop fifo frame compressed multicast|bytes    packets errs drop fifo colls carrier compressed
    lo: 375464438 4147387    0    0    0     0          0         0 375464438 4147387    0    0    0     0       0          0
enp42s0: 1333149327 3291821    0    0    0     0          0    147336 1039711383 2742407    0   18    0     0       0          0
  wlo1:       0       0    0    0    0     0          0         0        0       0    0    0    0     0       0          0
virbr0:       0       0    0    0    0     0          0         0        0       0    0 5217    0     0       0          0
br-ba300e692741:       0       0    0    0    0     0          0         0        0       0    0 5214    0     0       0          0
br-f6758c698ee1:     280      10    0    0    0     0          0         0  3351830   10002    0    5    0     0       0          0
br-f97fc0b364be:       0       0    0    0    0     0          0         0        0       0    0 5213    0     0       0          0
br-01b032a2703a:       0       0    0    0    0     0          0         0        0       0    0 5212    0     0       0          0
docker0:       0       0    0    0    0     0          0         0        0       0    0 5212    0     0       0          0
br-4eaf6a821e71:       0       0    0    0    0     0          0         0        0       0    0 5212    0     0       0          0
br-8c79226f8f43:      84       3    0    0    0     0          0         0  3351971   10001    0    4    0     0       0          0
br-94b2d3043113: 17718543  278042    0    0    0     0          0         0 34139356  424724    0    4    0     0       0          0
veth12d40a9:     126       3    0    0    0     0          0         0  4954405   14863    0    0    0     0       0          0
veth18a63ed:     126       3    0    0    0     0          0         0  4953224   14839    0    0    0     0       0          0
veth1bb666d: 17451133  112541    0    0    0     0          0         0 73891033  118173    0    0    0     0       0          0
vethe10fad0:     126       3    0    0    0     0          0         0  4954274   14868    0    0    0     0       0          0
veth1e2f99f:   11999     148    0    0    0     0          0         0  4971095   14973    0    0    0     0       0          0
veth49e9f30:   18372     136    0    0    0     0          0         0  4964854   14986    0    0    0     0       0          0
veth226bcd1: 1202035    6400    0    0    0     0          0         0  5341282   19436    0    0    0     0       0          0
vethd2d3547: 131510679  418546    0    0    0     0          0         0 109658756  487083    0    0    0     0       0          0
vethbab2e91: 23118020  135009    0    0    0     0          0         0 67967558  122407    0    0    0     0       0          0
veth2d01788:  660751    4168    0    0    0     0          0         0  6166751   18826    0    0    0     0       0          0
veth621c434: 191538340  894712    0    0    0     0          0         0 196121369 1022206    0    0    0     0       0          0
vethf0b5661: 3695815    9353    0    0    0     0          0         0  9446096   33352    0    0    0     0       0          0
vethacef255: 62784295   57832    0    0    0     0          0         0 12178219   72687    0    0    0     0       0          0
---2025-12-07T11:28:39+00:00---
Inter-|   Receive                                                |  Transmit
 face |bytes    packets errs drop fifo frame compressed multicast|bytes    packets errs drop fifo colls carrier compressed
    lo: 375868019 4151667    0    0    0     0          0         0 375868019 4151667    0    0    0     0       0          0
enp42s0: 1333520353 3294250    0    0    0     0          0    147373 1040103132 2745836    0   18    0     0       0          0
  wlo1:       0       0    0    0    0     0          0         0        0       0    0    0    0     0       0          0
virbr0:       0       0    0    0    0     0          0         0        0       0    0 5218    0     0       0          0
br-ba300e692741:       0       0    0    0    0     0          0         0        0       0    0 5215    0     0       0          0
br-f6758c698ee1:     280      10    0    0    0     0          0         0  3352520   10004    0    5    0     0       0          0
br-f97fc0b364be:       0       0    0    0    0     0          0         0        0       0    0 5214    0     0       0          0
br-01b032a2703a:       0       0    0    0    0     0          0         0        0       0    0 5213    0     0       0          0
docker0:       0       0    0    0    0     0          0         0        0       0    0 5213    0     0       0          0
br-4eaf6a821e71:       0       0    0    0    0     0          0         0        0       0    0 5213    0     0       0          0
br-8c79226f8f43:      84       3    0    0    0     0          0         0  3352661   10003    0    4    0     0       0          0
br-94b2d3043113: 17722543  278106    0    0    0     0          0         0 34146958  424822    0    4    0     0       0          0
veth12d40a9:     126       3    0    0    0     0          0         0  4955434   14866    0    0    0     0       0          0
veth18a63ed:     126       3    0    0    0     0          0         0  4954253   14842    0    0    0     0       0          0
veth1bb666d: 17454977  112566    0    0    0     0          0         0 73907884  118199    0    0    0     0       0          0
vethe10fad0:     126       3    0    0    0     0          0         0  4955303   14871    0    0    0     0       0          0
veth1e2f99f:   11999     148    0    0    0     0          0         0  4972124   14976    0    0    0     0       0          0
veth49e9f30:   18372     136    0    0    0     0          0         0  4965883   14989    0    0    0     0       0          0
veth226bcd1: 1202185    6403    0    0    0     0          0         0  5342461   19442    0    0    0     0       0          0
vethd2d3547: 131538717  418635    0    0    0     0          0         0 109683456  487191    0    0    0     0       0          0
vethbab2e91: 23123625  135039    0    0    0     0          0         0 67982745  122433    0    0    0     0       0          0
veth2d01788:  660751    4168    0    0    0     0          0         0  6167780   18829    0    0    0     0       0          0
veth621c434: 191581759  894915    0    0    0     0          0         0 196164363 1022435    0    0    0     0       0          0
vethf0b5661: 3696621    9355    0    0    0     0          0         0  9448105   33359    0    0    0     0       0          0
vethacef255: 62798767   57845    0    0    0     0          0         0 12180852   72703    0    0    0     0       0          0
---2025-12-07T11:29:11+00:00---
Inter-|   Receive                                                |  Transmit
 face |bytes    packets errs drop fifo frame compressed multicast|bytes    packets errs drop fifo colls carrier compressed
    lo: 376248558 4155705    0    0    0     0          0         0 376248558 4155705    0    0    0     0       0          0
enp42s0: 1333870215 3296552    0    0    0     0          0    147423 1040473364 2749050    0   18    0     0       0          0
  wlo1:       0       0    0    0    0     0          0         0        0       0    0    0    0     0       0          0
virbr0:       0       0    0    0    0     0          0         0        0       0    0 5221    0     0       0          0
br-ba300e692741:       0       0    0    0    0     0          0         0        0       0    0 5218    0     0       0          0
br-f6758c698ee1:     280      10    0    0    0     0          0         0  3354590   10010    0    5    0     0       0          0
br-f97fc0b364be:       0       0    0    0    0     0          0         0        0       0    0 5217    0     0       0          0
br-01b032a2703a:       0       0    0    0    0     0          0         0        0       0    0 5216    0     0       0          0
docker0:       0       0    0    0    0     0          0         0        0       0    0 5216    0     0       0          0
br-4eaf6a821e71:       0       0    0    0    0     0          0         0        0       0    0 5216    0     0       0          0
br-8c79226f8f43:      84       3    0    0    0     0          0         0  3354731   10009    0    4    0     0       0          0
br-94b2d3043113: 17726293  278166    0    0    0     0          0         0 34155508  424918    0    4    0     0       0          0
veth12d40a9:     126       3    0    0    0     0          0         0  4958521   14875    0    0    0     0       0          0
veth18a63ed:     126       3    0    0    0     0          0         0  4957340   14851    0    0    0     0       0          0
veth1bb666d: 17458755  112590    0    0    0     0          0         0 73925022  118230    0    0    0     0       0          0
vethe10fad0:     126       3    0    0    0     0          0         0  4958460   14881    0    0    0     0       0          0
veth1e2f99f:   11999     148    0    0    0     0          0         0  4975211   14985    0    0    0     0       0          0
veth49e9f30:   18372     136    0    0    0     0          0         0  4968970   14998    0    0    0     0       0          0
veth226bcd1: 1202185    6403    0    0    0     0          0         0  5345548   19451    0    0    0     0       0          0
vethd2d3547: 131566914  418726    0    0    0     0          0         0 109709614  487304    0    0    0     0       0          0
vethbab2e91: 23128577  135067    0    0    0     0          0         0 67999916  122464    0    0    0     0       0          0
veth2d01788:  660751    4168    0    0    0     0          0         0  6170867   18838    0    0    0     0       0          0
veth621c434: 191624048  895109    0    0    0     0          0         0 196208339 1022661    0    0    0     0       0          0
vethf0b5661: 3697427    9357    0    0    0     0          0         0  9452172   33372    0    0    0     0       0          0
vethacef255: 62811468   57857    0    0    0     0          0         0 12185477   72724    0    0    0     0       0          0
---2025-12-07T11:29:43+00:00---
